name: B204_side_off_gap_off
returncode: 0
elapsed_sec: 495.190070
max_rss_kb: 139220992
max_rss_gib: 132.771484
