name: B203_side_off_gap_on
returncode: 0
elapsed_sec: 1316.251614
max_rss_kb: 139220992
max_rss_gib: 132.771484
