name: B201_side_on_gap_on_control
returncode: 0
elapsed_sec: 1905.893347
max_rss_kb: 139220992
max_rss_gib: 132.771484
